header: 
  seq: 3732
  stamp: 
    secs: 1485
    nsecs: 954000000
  frame_id: "base_link"
angle_min: -1.57000005245
angle_max: 1.57000005245
angle_increment: 0.785000026226
time_increment: 0.0
scan_time: 0.0
range_min: 0.0500000007451
range_max: 70.0
ranges: [13.569255828857422, 13.568839073181152, 13.568655967712402, 13.568815231323242, 13.569223403930664, 6.083220481872559, 3.9131736755371094, 2.7029738426208496, 3.9136619567871094, inf, 4.309743404388428, 2.5569369792938232, 1.8088514804840088, 2.5572316646575928, inf, 6.101752758026123, 3.3583860397338867, 2.4261367321014404, 3.358745813369751, inf, 6.159485340118408, 6.159675121307373, 6.159757614135742, 6.1596856117248535, 6.159500598907471]
intensities: [0.0, 0.0, 0.0, 0.0, 0.0, 0.0, 0.0, 0.0, 0.0, 0.0, 0.0, 0.0, 0.0, 0.0, 0.0, 0.0, 0.0, 0.0, 0.0, 0.0, 0.0, 0.0, 0.0, 0.0, 0.0]
---
